10
10
2
10
4
9
8
10
5
1
4
10
1
5
3
1
10
5
4
6
10
5
6
5
1
10
5
9
7
10
6
1
1
10
10
6
2
4
10
6
4
5
10
7
2
10
1
10
9
4
2
10
9
7
3
10
2
9
9
6
1
0
1
5
1
0
3
6
1
1
0
4
6
1
0
6
2
1
10
0
7
6
1
0
9
0
1
1
0
10
2
1
1
4
0
1
1
5
7
1
3
1
7
1
1
2
1
0
1
2
2
10
8
8
1
3
2
8
1
3
4
4
1
10
3
9
3
1
5
9
5
1
6
2
10
9
1
6
6
1
1
6
7
8
1
7
6
9
1
1
7
0
5
1
7
1
4
8
1
7
5
7
1
8
5
5
1
10
8
7
0
1
8
8
3
1
8
8
10
7
1
8
8
9
1
8
9
6
1
8
9
0
5
1
9
1
4
1
9
4
6
8
1
9
6
0
1
9
7
2
2
10
0
0
7
2
0
2
0
10
10
9
7
10
1
3
7
10
1
5
0
2
10
1
6
8
10
1
8
1
10
10
1
9
4
10
2
0
2
10
2
1
10
2
10
2
2
2
10
2
5
9
10
10
2
7
2
10
2
8
7
10
3
0
4
1
10
3
1
5
10
3
3
0
10
10
3
4
2
10
3
8
3
10
4
8
10
3
0
10
